iedge    q                   q*                   |q - q*|            ||q - q*||/||q*||
0        1.250000e-01        6.125000e+00        6.000000e+00        7.820648e-01
1        3.750000e-01        6.375000e+00        6.000000e+00
2        6.250000e-01        6.625000e+00        6.000000e+00
3        8.750000e-01        6.875000e+00        6.000000e+00
4        5.000000e-01        3.500000e+00        3.000000e+00
5        7.500000e-01        3.750000e+00        3.000000e+00
6        1.000000e+00        4.000000e+00        3.000000e+00
7        1.250000e+00        4.250000e+00        3.000000e+00
8        1.500000e+00        4.500000e+00        3.000000e+00
9        6.250000e-01        6.625000e+00        6.000000e+00
11       1.125000e+00        7.125000e+00        6.000000e+00
12       1.375000e+00        7.375000e+00        6.000000e+00
13       1.500000e+00        4.500000e+00        3.000000e+00
14       1.750000e+00        4.750000e+00        3.000000e+00
15       2.000000e+00        5.000000e+00        3.000000e+00
16       2.250000e+00        5.250000e+00        3.000000e+00
17       2.500000e+00        5.500000e+00        3.000000e+00
18       1.125000e+00        7.125000e+00        6.000000e+00
19       1.375000e+00        7.375000e+00        6.000000e+00
20       1.625000e+00        7.625000e+00        6.000000e+00
21       1.875000e+00        7.875000e+00        6.000000e+00
22       7.500000e-01        9.750000e+00        9.000000e+00
23       1.000000e+00        1.000000e+01        9.000000e+00
24       1.250000e+00        1.025000e+01        9.000000e+00
25       1.500000e+00        1.050000e+01        9.000000e+00
26       1.750000e+00        1.075000e+01        9.000000e+00
27       1.250000e+00        1.025000e+01        9.000000e+00
28       1.146893e+00        1.050000e+01        9.353107e+00
29       8.804742e-01        1.075000e+01        9.869526e+00
30       1.648231e+00        1.100000e+01        9.351769e+00
31       2.250000e+00        1.125000e+01        9.000000e+00
32       1.750000e+00        1.075000e+01        9.000000e+00
33       2.000000e+00        1.100000e+01        9.000000e+00
34       2.250000e+00        1.125000e+01        9.000000e+00
35       2.500000e+00        1.150000e+01        9.000000e+00
36       2.750000e+00        1.175000e+01        9.000000e+00
37       6.250000e-01        6.625000e+00        6.000000e+00
38       8.750000e-01        6.875000e+00        6.000000e+00
39       1.125000e+00        7.125000e+00        6.000000e+00
40       1.375000e+00        7.375000e+00        6.000000e+00
41       1.000000e+00        4.000000e+00        3.000000e+00
42       1.029756e+00        4.250000e+00        3.220244e+00
43       8.526677e-01        4.500000e+00        3.647332e+00
44       1.531094e+00        4.750000e+00        3.218906e+00
45       2.000000e+00        5.000000e+00        3.000000e+00
46       2.354032e+00        7.125000e+00        4.770968e+00
47       1.462217e+00        7.375000e+00        5.912783e+00
48       1.595437e+00        7.625000e+00        6.029563e+00
49       7.036216e-01        7.875000e+00        7.171378e+00
50       2.000000e+00        5.000000e+00        3.000000e+00
51       1.161118e+00        5.250000e+00        4.088882e+00
52       6.352884e-01        5.500000e+00        4.864712e+00
53       1.662456e+00        5.750000e+00        4.087544e+00
54       3.000000e+00        6.000000e+00        3.000000e+00
55       1.625000e+00        7.625000e+00        6.000000e+00
56       1.875000e+00        7.875000e+00        6.000000e+00
57       2.125000e+00        8.125000e+00        6.000000e+00
58       2.375000e+00        8.375000e+00        6.000000e+00
59       2.250000e+00        1.125000e+01        9.000000e+00
60       2.500000e+00        1.150000e+01        9.000000e+00
61       2.750000e+00        1.175000e+01        9.000000e+00
62       3.000000e+00        1.200000e+01        9.000000e+00
63       3.250000e+00        1.225000e+01        9.000000e+00
64       2.750000e+00        1.175000e+01        9.000000e+00
65       1.730922e+00        1.200000e+01        1.026908e+01
66       9.940350e-01        1.225000e+01        1.125596e+01
67       2.232260e+00        1.250000e+01        1.026774e+01
68       3.750000e+00        1.275000e+01        9.000000e+00
69       3.250000e+00        1.225000e+01        9.000000e+00
70       3.500000e+00        1.250000e+01        9.000000e+00
71       3.750000e+00        1.275000e+01        9.000000e+00
72       4.000000e+00        1.300000e+01        9.000000e+00
73       4.250000e+00        1.325000e+01        9.000000e+00
74       1.125000e+00        7.125000e+00        6.000000e+00
75       1.375000e+00        7.375000e+00        6.000000e+00
76       1.625000e+00        7.625000e+00        6.000000e+00
77       1.875000e+00        7.875000e+00        6.000000e+00
78       1.500000e+00        4.500000e+00        3.000000e+00
79       1.750000e+00        4.750000e+00        3.000000e+00
80       2.000000e+00        5.000000e+00        3.000000e+00
81       2.250000e+00        5.250000e+00        3.000000e+00
82       2.500000e+00        5.500000e+00        3.000000e+00
83       1.625000e+00        7.625000e+00        6.000000e+00
84       1.875000e+00        7.875000e+00        6.000000e+00
85       2.125000e+00        8.125000e+00        6.000000e+00
86       2.375000e+00        8.375000e+00        6.000000e+00
87       2.500000e+00        5.500000e+00        3.000000e+00
88       2.750000e+00        5.750000e+00        3.000000e+00
89       3.000000e+00        6.000000e+00        3.000000e+00
90       3.250000e+00        6.250000e+00        3.000000e+00
91       3.500000e+00        6.500000e+00        3.000000e+00
92       2.125000e+00        8.125000e+00        6.000000e+00
93       2.375000e+00        8.375000e+00        6.000000e+00
94       2.625000e+00        8.625000e+00        6.000000e+00
95       2.875000e+00        8.875000e+00        6.000000e+00
