iedge    q                   q*                   |q - q*|            ||q - q*||/||q*||
0        1.250000e-01        1.250000e-01        1.387779e-17        1.789581e-01
1        3.750000e-01        3.750000e-01        0.000000e+00
2        6.250000e-01        6.250000e-01        1.110223e-16
3        8.750000e-01        8.750000e-01        2.220446e-16
4        5.000000e-01        5.000000e-01        5.551115e-17
5        7.500000e-01        7.500000e-01        0.000000e+00
6        1.000000e+00        1.000000e+00        1.110223e-16
7        1.250000e+00        1.250000e+00        2.220446e-16
8        1.500000e+00        1.500000e+00        0.000000e+00
9        6.250000e-01        6.250000e-01        1.110223e-16
11       1.125000e+00        1.125000e+00        2.220446e-16
12       1.375000e+00        1.375000e+00        2.220446e-16
13       1.500000e+00        1.500000e+00        0.000000e+00
14       1.750000e+00        1.750000e+00        4.440892e-16
15       2.000000e+00        2.000000e+00        2.220446e-16
16       2.250000e+00        2.250000e+00        4.440892e-16
17       2.500000e+00        2.500000e+00        4.440892e-16
18       1.125000e+00        1.125000e+00        2.220446e-16
19       1.375000e+00        1.375000e+00        2.220446e-16
20       1.625000e+00        1.625000e+00        0.000000e+00
21       1.875000e+00        1.875000e+00        6.661338e-16
22       7.500000e-01        7.500000e-01        0.000000e+00
23       1.000000e+00        1.000000e+00        1.110223e-16
24       1.250000e+00        1.250000e+00        2.220446e-16
25       1.500000e+00        1.500000e+00        0.000000e+00
26       1.750000e+00        1.750000e+00        4.440892e-16
27       1.250000e+00        1.250000e+00        2.220446e-16
28       2.290963e+00        1.500000e+00        7.909634e-01
29       2.696813e+00        1.750000e+00        9.468132e-01
30       2.789092e+00        2.000000e+00        7.890915e-01
31       2.250000e+00        2.250000e+00        4.440892e-16
32       1.750000e+00        1.750000e+00        4.440892e-16
33       2.000000e+00        2.000000e+00        2.220446e-16
34       2.250000e+00        2.250000e+00        4.440892e-16
35       2.500000e+00        2.500000e+00        4.440892e-16
36       2.750000e+00        2.750000e+00        4.440892e-16
37       6.250000e-01        6.250000e-01        1.110223e-16
38       8.750000e-01        8.750000e-01        2.220446e-16
39       1.125000e+00        1.125000e+00        2.220446e-16
40       1.375000e+00        1.375000e+00        2.220446e-16
41       1.000000e+00        1.000000e+00        1.110223e-16
42       2.041853e+00        1.250000e+00        7.918534e-01
43       2.447999e+00        1.500000e+00        9.479993e-01
44       2.539982e+00        1.750000e+00        7.899816e-01
45       2.000000e+00        2.000000e+00        2.220446e-16
46       2.718011e+00        1.125000e+00        1.593011e+00
47       1.683648e+00        1.375000e+00        3.086481e-01
48       1.292078e+00        1.625000e+00        3.329220e-01
49       2.577155e-01        1.875000e+00        1.617284e+00
50       2.000000e+00        2.000000e+00        2.220446e-16
51       1.434646e+00        2.250000e+00        8.153536e-01
52       1.520065e+00        2.500000e+00        9.799354e-01
53       1.932775e+00        2.750000e+00        8.172255e-01
54       3.000000e+00        3.000000e+00        0.000000e+00
55       1.625000e+00        1.625000e+00        0.000000e+00
56       1.875000e+00        1.875000e+00        6.661338e-16
57       2.125000e+00        2.125000e+00        0.000000e+00
58       2.375000e+00        2.375000e+00        4.440892e-16
59       2.250000e+00        2.250000e+00        4.440892e-16
60       2.500000e+00        2.500000e+00        4.440892e-16
61       2.750000e+00        2.750000e+00        4.440892e-16
62       3.000000e+00        3.000000e+00        0.000000e+00
63       3.250000e+00        3.250000e+00        0.000000e+00
64       2.750000e+00        2.750000e+00        4.440892e-16
65       2.181530e+00        3.000000e+00        8.184697e-01
66       2.266208e+00        3.250000e+00        9.837918e-01
67       2.679658e+00        3.500000e+00        8.203415e-01
68       3.750000e+00        3.750000e+00        1.332268e-15
69       3.250000e+00        3.250000e+00        0.000000e+00
70       3.500000e+00        3.500000e+00        8.881784e-16
71       3.750000e+00        3.750000e+00        1.332268e-15
72       4.000000e+00        4.000000e+00        4.440892e-16
73       4.250000e+00        4.250000e+00        0.000000e+00
74       1.125000e+00        1.125000e+00        2.220446e-16
75       1.375000e+00        1.375000e+00        2.220446e-16
76       1.625000e+00        1.625000e+00        0.000000e+00
77       1.875000e+00        1.875000e+00        6.661338e-16
78       1.500000e+00        1.500000e+00        0.000000e+00
79       1.750000e+00        1.750000e+00        4.440892e-16
80       2.000000e+00        2.000000e+00        2.220446e-16
81       2.250000e+00        2.250000e+00        4.440892e-16
82       2.500000e+00        2.500000e+00        4.440892e-16
83       1.625000e+00        1.625000e+00        0.000000e+00
84       1.875000e+00        1.875000e+00        6.661338e-16
85       2.125000e+00        2.125000e+00        0.000000e+00
86       2.375000e+00        2.375000e+00        4.440892e-16
87       2.500000e+00        2.500000e+00        4.440892e-16
88       2.750000e+00        2.750000e+00        4.440892e-16
89       3.000000e+00        3.000000e+00        0.000000e+00
90       3.250000e+00        3.250000e+00        0.000000e+00
91       3.500000e+00        3.500000e+00        8.881784e-16
92       2.125000e+00        2.125000e+00        0.000000e+00
93       2.375000e+00        2.375000e+00        4.440892e-16
94       2.625000e+00        2.625000e+00        4.440892e-16
95       2.875000e+00        2.875000e+00        0.000000e+00
