iedge    q                   q*                   |q - q*|            ||q - q*||/||q*||
0        1.250000e-01        4.125000e+00        4.000000e+00        7.051403e-01
1        3.750000e-01        4.375000e+00        4.000000e+00
2        6.250000e-01        4.625000e+00        4.000000e+00
3        8.750000e-01        4.875000e+00        4.000000e+00
4        5.000000e-01        2.500000e+00        2.000000e+00
5        7.500000e-01        2.750000e+00        2.000000e+00
6        1.000000e+00        3.000000e+00        2.000000e+00
7        1.250000e+00        3.250000e+00        2.000000e+00
8        1.500000e+00        3.500000e+00        2.000000e+00
9        6.250000e-01        4.625000e+00        4.000000e+00
11       1.125000e+00        5.125000e+00        4.000000e+00
12       1.375000e+00        5.375000e+00        4.000000e+00
13       1.500000e+00        3.500000e+00        2.000000e+00
14       1.750000e+00        3.750000e+00        2.000000e+00
15       2.000000e+00        4.000000e+00        2.000000e+00
16       2.250000e+00        4.250000e+00        2.000000e+00
17       2.500000e+00        4.500000e+00        2.000000e+00
18       1.125000e+00        5.125000e+00        4.000000e+00
19       1.375000e+00        5.375000e+00        4.000000e+00
20       1.625000e+00        5.625000e+00        4.000000e+00
21       1.875000e+00        5.875000e+00        4.000000e+00
22       7.500000e-01        6.750000e+00        6.000000e+00
23       1.000000e+00        7.000000e+00        6.000000e+00
24       1.250000e+00        7.250000e+00        6.000000e+00
25       1.500000e+00        7.500000e+00        6.000000e+00
26       1.750000e+00        7.750000e+00        6.000000e+00
27       1.250000e+00        7.250000e+00        6.000000e+00
28       1.177132e+00        7.500000e+00        6.322868e+00
29       9.412354e-01        7.750000e+00        6.808765e+00
30       1.678255e+00        8.000000e+00        6.321745e+00
31       2.250000e+00        8.250000e+00        6.000000e+00
32       1.750000e+00        7.750000e+00        6.000000e+00
33       2.000000e+00        8.000000e+00        6.000000e+00
34       2.250000e+00        8.250000e+00        6.000000e+00
35       2.500000e+00        8.500000e+00        6.000000e+00
36       2.750000e+00        8.750000e+00        6.000000e+00
37       6.250000e-01        4.625000e+00        4.000000e+00
38       8.750000e-01        4.875000e+00        4.000000e+00
39       1.125000e+00        5.125000e+00        4.000000e+00
40       1.375000e+00        5.375000e+00        4.000000e+00
41       1.000000e+00        3.000000e+00        2.000000e+00
42       1.055724e+00        3.250000e+00        2.194276e+00
43       9.047211e-01        3.500000e+00        2.595279e+00
44       1.556847e+00        3.750000e+00        2.193153e+00
45       2.000000e+00        4.000000e+00        2.000000e+00
46       2.334921e+00        5.125000e+00        2.790079e+00
47       1.478531e+00        5.375000e+00        3.896469e+00
48       1.575859e+00        5.625000e+00        4.049141e+00
49       7.194687e-01        5.875000e+00        5.155531e+00
50       2.000000e+00        4.000000e+00        2.000000e+00
51       1.172015e+00        4.250000e+00        3.077985e+00
52       6.954459e-01        4.500000e+00        3.804554e+00
53       1.673138e+00        4.750000e+00        3.076862e+00
54       3.000000e+00        5.000000e+00        2.000000e+00
55       1.625000e+00        5.625000e+00        4.000000e+00
56       1.875000e+00        5.875000e+00        4.000000e+00
57       2.125000e+00        6.125000e+00        4.000000e+00
58       2.375000e+00        6.375000e+00        4.000000e+00
59       2.250000e+00        8.250000e+00        6.000000e+00
60       2.500000e+00        8.500000e+00        6.000000e+00
61       2.750000e+00        8.750000e+00        6.000000e+00
62       3.000000e+00        9.000000e+00        6.000000e+00
63       3.250000e+00        9.250000e+00        6.000000e+00
64       2.750000e+00        8.750000e+00        6.000000e+00
65       1.747044e+00        9.000000e+00        7.252956e+00
66       1.074139e+00        9.250000e+00        8.175861e+00
67       2.248167e+00        9.500000e+00        7.251833e+00
68       3.750000e+00        9.750000e+00        6.000000e+00
69       3.250000e+00        9.250000e+00        6.000000e+00
70       3.500000e+00        9.500000e+00        6.000000e+00
71       3.750000e+00        9.750000e+00        6.000000e+00
72       4.000000e+00        1.000000e+01        6.000000e+00
73       4.250000e+00        1.025000e+01        6.000000e+00
74       1.125000e+00        5.125000e+00        4.000000e+00
75       1.375000e+00        5.375000e+00        4.000000e+00
76       1.625000e+00        5.625000e+00        4.000000e+00
77       1.875000e+00        5.875000e+00        4.000000e+00
78       1.500000e+00        3.500000e+00        2.000000e+00
79       1.750000e+00        3.750000e+00        2.000000e+00
80       2.000000e+00        4.000000e+00        2.000000e+00
81       2.250000e+00        4.250000e+00        2.000000e+00
82       2.500000e+00        4.500000e+00        2.000000e+00
83       1.625000e+00        5.625000e+00        4.000000e+00
84       1.875000e+00        5.875000e+00        4.000000e+00
85       2.125000e+00        6.125000e+00        4.000000e+00
86       2.375000e+00        6.375000e+00        4.000000e+00
87       2.500000e+00        4.500000e+00        2.000000e+00
88       2.750000e+00        4.750000e+00        2.000000e+00
89       3.000000e+00        5.000000e+00        2.000000e+00
90       3.250000e+00        5.250000e+00        2.000000e+00
91       3.500000e+00        5.500000e+00        2.000000e+00
92       2.125000e+00        6.125000e+00        4.000000e+00
93       2.375000e+00        6.375000e+00        4.000000e+00
94       2.625000e+00        6.625000e+00        4.000000e+00
95       2.875000e+00        6.875000e+00        4.000000e+00
