iedge    q                   q*                   |q - q*|            ||q - q*||/||q*||
0        1.250000e-01        1.250000e-01        4.163336e-17        1.789405e-01
1        3.750000e-01        3.750000e-01        0.000000e+00
2        6.250000e-01        6.250000e-01        1.110223e-16
3        8.750000e-01        8.750000e-01        1.110223e-16
4        5.000000e-01        5.000000e-01        1.665335e-16
5        7.500000e-01        7.500000e-01        0.000000e+00
6        1.000000e+00        1.000000e+00        3.330669e-16
7        1.250000e+00        1.250000e+00        2.220446e-16
8        1.500000e+00        1.500000e+00        0.000000e+00
9        6.250000e-01        6.250000e-01        1.110223e-16
11       1.125000e+00        1.125000e+00        0.000000e+00
12       1.375000e+00        1.375000e+00        2.220446e-16
13       1.500000e+00        1.500000e+00        0.000000e+00
14       1.750000e+00        1.750000e+00        2.220446e-16
15       2.000000e+00        2.000000e+00        6.661338e-16
16       2.250000e+00        2.250000e+00        0.000000e+00
17       2.500000e+00        2.500000e+00        4.440892e-16
18       1.125000e+00        1.125000e+00        0.000000e+00
19       1.375000e+00        1.375000e+00        2.220446e-16
20       1.625000e+00        1.625000e+00        2.220446e-16
21       1.875000e+00        1.875000e+00        2.220446e-16
22       7.500000e-01        7.500000e-01        0.000000e+00
23       1.000000e+00        1.000000e+00        3.330669e-16
24       1.250000e+00        1.250000e+00        2.220446e-16
25       1.500000e+00        1.500000e+00        0.000000e+00
26       1.750000e+00        1.750000e+00        2.220446e-16
27       1.250000e+00        1.250000e+00        2.220446e-16
28       2.308991e+00        1.500000e+00        8.089909e-01
29       2.719505e+00        1.750000e+00        9.695046e-01
30       2.807119e+00        2.000000e+00        8.071190e-01
31       2.250000e+00        2.250000e+00        0.000000e+00
32       1.750000e+00        1.750000e+00        2.220446e-16
33       2.000000e+00        2.000000e+00        6.661338e-16
34       2.250000e+00        2.250000e+00        0.000000e+00
35       2.500000e+00        2.500000e+00        4.440892e-16
36       2.750000e+00        2.750000e+00        4.440892e-16
37       6.250000e-01        6.250000e-01        1.110223e-16
38       8.750000e-01        8.750000e-01        1.110223e-16
39       1.125000e+00        1.125000e+00        0.000000e+00
40       1.375000e+00        1.375000e+00        2.220446e-16
41       1.000000e+00        1.000000e+00        3.330669e-16
42       2.047863e+00        1.250000e+00        7.978626e-01
43       2.455563e+00        1.500000e+00        9.555631e-01
44       2.545991e+00        1.750000e+00        7.959907e-01
45       2.000000e+00        2.000000e+00        6.661338e-16
46       2.734816e+00        1.125000e+00        1.609816e+00
47       1.700453e+00        1.375000e+00        3.254531e-01
48       1.308883e+00        1.625000e+00        3.161170e-01
49       2.745205e-01        1.875000e+00        1.600480e+00
50       2.000000e+00        2.000000e+00        6.661338e-16
51       1.440656e+00        2.250000e+00        8.093444e-01
52       1.527628e+00        2.500000e+00        9.723716e-01
53       1.938784e+00        2.750000e+00        8.112163e-01
54       3.000000e+00        3.000000e+00        0.000000e+00
55       1.625000e+00        1.625000e+00        2.220446e-16
56       1.875000e+00        1.875000e+00        2.220446e-16
57       2.125000e+00        2.125000e+00        4.440892e-16
58       2.375000e+00        2.375000e+00        4.440892e-16
59       2.250000e+00        2.250000e+00        0.000000e+00
60       2.500000e+00        2.500000e+00        4.440892e-16
61       2.750000e+00        2.750000e+00        4.440892e-16
62       3.000000e+00        3.000000e+00        0.000000e+00
63       3.250000e+00        3.250000e+00        4.440892e-16
64       2.750000e+00        2.750000e+00        4.440892e-16
65       2.199558e+00        3.000000e+00        8.004422e-01
66       2.288900e+00        3.250000e+00        9.611004e-01
67       2.697686e+00        3.500000e+00        8.023141e-01
68       3.750000e+00        3.750000e+00        4.440892e-16
69       3.250000e+00        3.250000e+00        4.440892e-16
70       3.500000e+00        3.500000e+00        4.440892e-16
71       3.750000e+00        3.750000e+00        4.440892e-16
72       4.000000e+00        4.000000e+00        1.332268e-15
73       4.250000e+00        4.250000e+00        8.881784e-16
74       1.125000e+00        1.125000e+00        0.000000e+00
75       1.375000e+00        1.375000e+00        2.220446e-16
76       1.625000e+00        1.625000e+00        2.220446e-16
77       1.875000e+00        1.875000e+00        2.220446e-16
78       1.500000e+00        1.500000e+00        0.000000e+00
79       1.750000e+00        1.750000e+00        2.220446e-16
80       2.000000e+00        2.000000e+00        6.661338e-16
81       2.250000e+00        2.250000e+00        0.000000e+00
82       2.500000e+00        2.500000e+00        4.440892e-16
83       1.625000e+00        1.625000e+00        2.220446e-16
84       1.875000e+00        1.875000e+00        2.220446e-16
85       2.125000e+00        2.125000e+00        4.440892e-16
86       2.375000e+00        2.375000e+00        4.440892e-16
87       2.500000e+00        2.500000e+00        4.440892e-16
88       2.750000e+00        2.750000e+00        4.440892e-16
89       3.000000e+00        3.000000e+00        0.000000e+00
90       3.250000e+00        3.250000e+00        4.440892e-16
91       3.500000e+00        3.500000e+00        4.440892e-16
92       2.125000e+00        2.125000e+00        4.440892e-16
93       2.375000e+00        2.375000e+00        4.440892e-16
94       2.625000e+00        2.625000e+00        0.000000e+00
95       2.875000e+00        2.875000e+00        4.440892e-16
