iedge    q                   q*                   |q - q*|            ||q - q*||/||q*||
0        1.250000e+02        1.250000e+02        0.000000e+00        7.496788e-01
1        3.750000e+02        3.750000e+02        0.000000e+00
2        6.250000e+02        6.250000e+02        0.000000e+00
3        8.750000e+02        8.750000e+02        0.000000e+00
4        5.000000e+02        5.000000e+02        0.000000e+00
5        7.500000e+02        7.500000e+02        0.000000e+00
6        1.000000e+03        1.000000e+03        0.000000e+00
7        1.250000e+03        1.250000e+03        0.000000e+00
8        1.500000e+03        1.500000e+03        0.000000e+00
9        6.250000e+02        6.250000e+02        0.000000e+00
11       1.125000e+03        1.125000e+03        0.000000e+00
12       1.375000e+03        1.375000e+03        0.000000e+00
13       1.500000e+03        1.500000e+03        0.000000e+00
14       1.750000e+03        1.750000e+03        0.000000e+00
15       2.000000e+03        2.000000e+03        0.000000e+00
16       2.250000e+03        2.250000e+03        0.000000e+00
17       2.500000e+03        2.500000e+03        0.000000e+00
18       1.125000e+03        1.125000e+03        0.000000e+00
19       1.375000e+03        1.375000e+03        0.000000e+00
20       1.625000e+03        1.625000e+03        0.000000e+00
21       1.875000e+03        1.875000e+03        0.000000e+00
22       7.500000e+02        7.500000e+02        0.000000e+00
23       1.000000e+03        1.000000e+03        0.000000e+00
24       1.250000e+03        1.250000e+03        0.000000e+00
25       1.500000e+03        1.500000e+03        0.000000e+00
26       1.750000e+03        1.750000e+03        0.000000e+00
27       1.250000e+03        1.250000e+03        0.000000e+00
28      -1.305089e+03        1.500000e+03        2.805089e+03
29      -4.969875e+02        1.750000e+03        2.246988e+03
30      -1.929415e+03        2.000000e+03        3.929415e+03
31       2.250000e+03        2.250000e+03        0.000000e+00
32       1.750000e+03        1.750000e+03        0.000000e+00
33       2.000000e+03        2.000000e+03        0.000000e+00
34       2.250000e+03        2.250000e+03        0.000000e+00
35       2.500000e+03        2.500000e+03        0.000000e+00
36       2.750000e+03        2.750000e+03        0.000000e+00
37       6.250000e+02        6.250000e+02        0.000000e+00
38       8.750000e+02        8.750000e+02        0.000000e+00
39       1.125000e+03        1.125000e+03        0.000000e+00
40       1.375000e+03        1.375000e+03        0.000000e+00
41       1.000000e+03        1.000000e+03        0.000000e+00
42      -1.077000e+03        1.250000e+03        2.327000e+03
43      -4.279555e+02        1.500000e+03        1.927955e+03
44      -1.701325e+03        1.750000e+03        3.451325e+03
45       2.000000e+03        2.000000e+03        0.000000e+00
46      -1.400566e+03        1.125000e+03        2.525566e+03
47      -1.713701e+03        1.375000e+03        3.088701e+03
48      -2.025681e+03        1.625000e+03        3.650681e+03
49      -2.338817e+03        1.875000e+03        4.213817e+03
50       2.000000e+03        2.000000e+03        0.000000e+00
51      -2.005010e+03        2.250000e+03        4.255010e+03
52      -7.145281e+02        2.500000e+03        3.214528e+03
53      -2.629335e+03        2.750000e+03        5.379335e+03
54       3.000000e+03        3.000000e+03        0.000000e+00
55       1.625000e+03        1.625000e+03        0.000000e+00
56       1.875000e+03        1.875000e+03        0.000000e+00
57       2.125000e+03        2.125000e+03        4.547474e-13
58       2.375000e+03        2.375000e+03        0.000000e+00
59       2.250000e+03        2.250000e+03        0.000000e+00
60       2.500000e+03        2.500000e+03        0.000000e+00
61       2.750000e+03        2.750000e+03        0.000000e+00
62       3.000000e+03        3.000000e+03        0.000000e+00
63       3.250000e+03        3.250000e+03        0.000000e+00
64       2.750000e+03        2.750000e+03        0.000000e+00
65      -2.696758e+03        3.000000e+03        5.696758e+03
66      -9.266150e+02        3.250000e+03        4.176615e+03
67      -3.321083e+03        3.500000e+03        6.821083e+03
68       3.750000e+03        3.750000e+03        0.000000e+00
69       3.250000e+03        3.250000e+03        0.000000e+00
70       3.500000e+03        3.500000e+03        0.000000e+00
71       3.750000e+03        3.750000e+03        0.000000e+00
72       4.000000e+03        4.000000e+03        0.000000e+00
73       4.250000e+03        4.250000e+03        9.094947e-13
74       1.125000e+03        1.125000e+03        0.000000e+00
75       1.375000e+03        1.375000e+03        0.000000e+00
76       1.625000e+03        1.625000e+03        0.000000e+00
77       1.875000e+03        1.875000e+03        0.000000e+00
78       1.500000e+03        1.500000e+03        0.000000e+00
79       1.750000e+03        1.750000e+03        0.000000e+00
80       2.000000e+03        2.000000e+03        0.000000e+00
81       2.250000e+03        2.250000e+03        0.000000e+00
82       2.500000e+03        2.500000e+03        0.000000e+00
83       1.625000e+03        1.625000e+03        0.000000e+00
84       1.875000e+03        1.875000e+03        0.000000e+00
85       2.125000e+03        2.125000e+03        4.547474e-13
86       2.375000e+03        2.375000e+03        0.000000e+00
87       2.500000e+03        2.500000e+03        0.000000e+00
88       2.750000e+03        2.750000e+03        0.000000e+00
89       3.000000e+03        3.000000e+03        0.000000e+00
90       3.250000e+03        3.250000e+03        0.000000e+00
91       3.500000e+03        3.500000e+03        0.000000e+00
92       2.125000e+03        2.125000e+03        4.547474e-13
93       2.375000e+03        2.375000e+03        0.000000e+00
94       2.625000e+03        2.625000e+03        0.000000e+00
95       2.875000e+03        2.875000e+03        4.547474e-13
