iedge    q                   q*                   |q - q*|            ||q - q*||/||q*||
0        1.312726e+03        1.280000e+02        1.184726e+03        3.823332e+00
1        2.853572e+03        3.780000e+02        2.475572e+03
2        4.400066e+03        6.280000e+02        3.772066e+03
3        5.938381e+03        8.780000e+02        5.060381e+03
4        3.953662e+03        5.015000e+02        3.452162e+03
5        2.234260e+03        7.515000e+02        1.482760e+03
6        3.414213e+03        1.001500e+03        2.412713e+03
7        4.157870e+03        1.251500e+03        2.906370e+03
8        9.865131e+03        1.501500e+03        8.363631e+03
9        1.550345e+03        6.280000e+02        9.223454e+02
11       3.483029e+03        1.128000e+03        2.355029e+03
12       4.444165e+03        1.378000e+03        3.066165e+03
13       1.043520e+04        1.501500e+03        8.933696e+03
14       6.237816e+03        1.751500e+03        4.486316e+03
15       7.561893e+03        2.001500e+03        5.560393e+03
16       8.160035e+03        2.251500e+03        5.908535e+03
17       1.635344e+04        2.501500e+03        1.385194e+04
18       6.964718e+03        1.128000e+03        5.836718e+03
19       8.509972e+03        1.378000e+03        7.131972e+03
20       1.005451e+04        1.628000e+03        8.426515e+03
21       1.159977e+04        1.878000e+03        9.721772e+03
22       5.588812e+03        7.545000e+02        4.834312e+03
23       3.254927e+03        1.004500e+03        2.250427e+03
24       4.471143e+03        1.254500e+03        3.216643e+03
25       5.178537e+03        1.504500e+03        3.674037e+03
26       1.150028e+04        1.754500e+03        9.745781e+03
27       5.543760e+03        1.254500e+03        4.289260e+03
28      -4.821303e+02        1.504500e+03        1.986630e+03
29      -7.596349e+02        1.754500e+03        2.514135e+03
30      -6.494352e+02        2.004500e+03        2.653935e+03
31       1.029410e+04        2.254500e+03        8.039601e+03
32       1.124143e+04        1.754500e+03        9.486927e+03
33       8.905853e+03        2.004500e+03        6.901353e+03
34       1.012103e+04        2.254500e+03        7.866533e+03
35       1.082857e+04        2.504500e+03        8.324075e+03
36       1.715226e+04        2.754500e+03        1.439776e+04
37       1.550260e+03        6.280000e+02        9.222602e+02
38       2.513473e+03        8.780000e+02        1.635473e+03
39       3.483034e+03        1.128000e+03        2.355034e+03
40       4.444251e+03        1.378000e+03        3.066251e+03
41       4.398669e+03        1.001500e+03        3.397169e+03
42      -4.152456e+02        1.251500e+03        1.666746e+03
43      -6.653256e+02        1.501500e+03        2.166826e+03
44      -5.825506e+02        1.751500e+03        2.334051e+03
45       9.149009e+03        2.001500e+03        7.147509e+03
46      -3.937762e+02        1.128000e+03        1.521776e+03
47      -4.884215e+02        1.378000e+03        1.866421e+03
48      -5.795140e+02        1.628000e+03        2.207514e+03
49      -6.741613e+02        1.878000e+03        2.552161e+03
50       8.902655e+03        2.001500e+03        6.901155e+03
51      -7.566618e+02        2.251500e+03        3.008162e+03
52      -1.117961e+03        2.501500e+03        3.619461e+03
53      -9.237220e+02        2.751500e+03        3.675222e+03
54       1.366393e+04        3.001500e+03        1.066243e+04
55       7.200119e+03        1.628000e+03        5.572119e+03
56       8.169468e+03        1.878000e+03        6.291468e+03
57       9.137037e+03        2.128000e+03        7.009037e+03
58       1.010838e+04        2.378000e+03        7.730383e+03
59       1.531372e+04        2.254500e+03        1.305922e+04
60       9.262985e+03        2.504500e+03        6.758485e+03
61       1.069604e+04        2.754500e+03        7.941544e+03
62       1.118520e+04        3.004500e+03        8.180705e+03
63       2.123196e+04        3.254500e+03        1.797746e+04
64       1.230317e+04        2.754500e+03        9.548669e+03
65      -9.927066e+02        3.004500e+03        3.997207e+03
66      -1.436961e+03        3.254500e+03        4.691461e+03
67      -1.159767e+03        3.504500e+03        4.664267e+03
68       1.706445e+04        3.754500e+03        1.330995e+04
69       2.097002e+04        3.254500e+03        1.771552e+04
70       1.492098e+04        3.504500e+03        1.141648e+04
71       1.635508e+04        3.754500e+03        1.260058e+04
72       1.684409e+04        4.004500e+03        1.283959e+04
73       2.688889e+04        4.254500e+03        2.263439e+04
74       6.963547e+03        1.128000e+03        5.835547e+03
75       8.510215e+03        1.378000e+03        7.132215e+03
76       1.005427e+04        1.628000e+03        8.426272e+03
77       1.160094e+04        1.878000e+03        9.722943e+03
78       9.605738e+03        1.501500e+03        8.104238e+03
79       7.884192e+03        1.751500e+03        6.132692e+03
80       9.062962e+03        2.001500e+03        7.061462e+03
81       9.806914e+03        2.251500e+03        7.555414e+03
82       1.551658e+04        2.501500e+03        1.301508e+04
83       7.198424e+03        1.628000e+03        5.570424e+03
84       8.169722e+03        1.878000e+03        6.291722e+03
85       9.136784e+03        2.128000e+03        7.008784e+03
86       1.011008e+04        2.378000e+03        7.732078e+03
87       1.609204e+04        2.501500e+03        1.359054e+04
88       1.189681e+04        2.751500e+03        9.145306e+03
89       1.322207e+04        3.001500e+03        1.022057e+04
90       1.381991e+04        3.251500e+03        1.056841e+04
91       2.201091e+04        3.501500e+03        1.850941e+04
92       1.261554e+04        2.128000e+03        1.048754e+04
93       1.416662e+04        2.378000e+03        1.178862e+04
94       1.570872e+04        2.628000e+03        1.308072e+04
95       1.726233e+04        2.878000e+03        1.438433e+04
