iedge    q                   q*                   |q - q*|            ||q - q*||/||q*||
0        4.749717e+02        1.260000e+02        3.489717e+02        1.264820e+00
1        1.025097e+03        3.760000e+02        6.490971e+02
2        1.575082e+03        6.260000e+02        9.490819e+02
3        2.124983e+03        8.760000e+02        1.248983e+03
4        1.155649e+03        5.005000e+02        6.551489e+02
5        1.190784e+03        7.505000e+02        4.402842e+02
6        2.162484e+03        1.000500e+03        1.161984e+03
7        2.003042e+03        1.250500e+03        7.525423e+02
8        3.248818e+03        1.500500e+03        1.748318e+03
9        8.055584e+02        6.260000e+02        1.795584e+02
11       1.604740e+03        1.126000e+03        4.787397e+02
12       2.002190e+03        1.376000e+03        6.261898e+02
13       3.289972e+03        1.500500e+03        1.789472e+03
14       2.919525e+03        1.750500e+03        1.169025e+03
15       4.268740e+03        2.000500e+03        2.268240e+03
16       3.730726e+03        2.250500e+03        1.480226e+03
17       5.384259e+03        2.500500e+03        2.883759e+03
18       2.474650e+03        1.126000e+03        1.348650e+03
19       3.025413e+03        1.376000e+03        1.649413e+03
20       3.574673e+03        1.626000e+03        1.948673e+03
21       4.125438e+03        1.876000e+03        2.249438e+03
22       1.690558e+03        7.515000e+02        9.390577e+02
23       1.626642e+03        1.001500e+03        6.251418e+02
24       2.691673e+03        1.251500e+03        1.440173e+03
25       2.438900e+03        1.501500e+03        9.373999e+02
26       3.783727e+03        1.751500e+03        2.032227e+03
27       2.124710e+03        1.251500e+03        8.732096e+02
28      -1.851305e+03        1.501500e+03        3.352805e+03
29      -1.371719e+03        1.751500e+03        3.123219e+03
30      -2.722009e+03        2.001500e+03        4.723509e+03
31       3.932827e+03        2.251500e+03        1.681327e+03
32       3.690395e+03        1.751500e+03        1.938895e+03
33       3.625384e+03        2.001500e+03        1.623884e+03
34       4.690283e+03        2.251500e+03        2.438783e+03
35       4.437238e+03        2.501500e+03        1.935738e+03
36       5.783497e+03        2.751500e+03        3.031997e+03
37       8.056076e+02        6.260000e+02        1.796076e+02
38       1.203816e+03        8.760000e+02        3.278158e+02
39       1.604785e+03        1.126000e+03        4.787850e+02
40       2.002141e+03        1.376000e+03        6.261406e+02
41       1.689340e+03        1.000500e+03        6.888397e+02
42      -1.529657e+03        1.250500e+03        2.780157e+03
43      -1.180473e+03        1.500500e+03        2.680973e+03
44      -2.400362e+03        1.750500e+03        4.150862e+03
45       3.497457e+03        2.000500e+03        1.496957e+03
46      -1.902853e+03        1.126000e+03        3.028853e+03
47      -2.329026e+03        1.376000e+03        3.705026e+03
48      -2.753179e+03        1.626000e+03        4.379179e+03
49      -3.179353e+03        1.876000e+03        5.055353e+03
50       3.414630e+03        2.000500e+03        1.414130e+03
51      -2.843195e+03        2.250500e+03        5.093695e+03
52      -1.971101e+03        2.500500e+03        4.471601e+03
53      -3.714436e+03        2.750500e+03        6.464936e+03
54       5.227760e+03        3.000500e+03        2.227260e+03
55       2.803093e+03        1.626000e+03        1.177093e+03
56       3.203869e+03        1.876000e+03        1.327869e+03
57       3.603834e+03        2.126000e+03        1.477834e+03
58       4.005462e+03        2.376000e+03        1.629462e+03
59       4.892070e+03        2.251500e+03        2.640570e+03
60       4.220344e+03        2.501500e+03        1.718844e+03
61       5.851613e+03        2.751500e+03        3.100113e+03
62       5.031544e+03        3.001500e+03        2.030044e+03
63       6.986357e+03        3.251500e+03        3.734857e+03
64       4.714079e+03        2.751500e+03        1.962579e+03
65      -3.820852e+03        3.001500e+03        6.822352e+03
66      -2.556749e+03        3.251500e+03        5.808249e+03
67      -4.692093e+03        3.501500e+03        8.193593e+03
68       6.527210e+03        3.751500e+03        2.775710e+03
69       6.892230e+03        3.251500e+03        3.640730e+03
70       6.221601e+03        3.501500e+03        2.720101e+03
71       7.853002e+03        3.751500e+03        4.101502e+03
72       7.033206e+03        4.001500e+03        3.031706e+03
73       8.986585e+03        4.251500e+03        4.735085e+03
74       2.474554e+03        1.126000e+03        1.348554e+03
75       3.025503e+03        1.376000e+03        1.649503e+03
76       3.574583e+03        1.626000e+03        1.948583e+03
77       4.125534e+03        1.876000e+03        2.249534e+03
78       3.155438e+03        1.500500e+03        1.654938e+03
79       3.189162e+03        1.750500e+03        1.438662e+03
80       4.160747e+03        2.000500e+03        2.160247e+03
81       4.001016e+03        2.250500e+03        1.750516e+03
82       5.248540e+03        2.500500e+03        2.748040e+03
83       2.802316e+03        1.626000e+03        1.176316e+03
84       3.204040e+03        1.876000e+03        1.328040e+03
85       3.603663e+03        2.126000e+03        1.477663e+03
86       4.006239e+03        2.376000e+03        1.630239e+03
87       5.290180e+03        2.500500e+03        2.789680e+03
88       4.921147e+03        2.750500e+03        2.170647e+03
89       6.270476e+03        3.000500e+03        3.269976e+03
90       5.732751e+03        3.250500e+03        2.482251e+03
91       7.384535e+03        3.500500e+03        3.884035e+03
92       4.474232e+03        2.126000e+03        2.348232e+03
93       5.025818e+03        2.376000e+03        2.649818e+03
94       5.574174e+03        2.626000e+03        2.948174e+03
95       6.125988e+03        2.876000e+03        3.249988e+03
