iedge    q                   q*                   |q - q*|            ||q - q*||/||q*||
0        9.366043e+02        1.270000e+02        8.096043e+02        2.270631e+00
1        1.941714e+03        3.770000e+02        1.564714e+03
2        2.949171e+03        6.270000e+02        2.322171e+03
3        3.953020e+03        8.770000e+02        3.076020e+03
4        2.422553e+03        5.010000e+02        1.921553e+03
5        1.537027e+03        7.510000e+02        7.860267e+02
6        2.767089e+03        1.001000e+03        1.766089e+03
7        2.724303e+03        1.251000e+03        1.473303e+03
8        6.235286e+03        1.501000e+03        4.734286e+03
9        8.930248e+02        6.270000e+02        2.660248e+02
11       2.082399e+03        1.127000e+03        9.553994e+02
12       2.673622e+03        1.377000e+03        1.296622e+03
13       6.504234e+03        1.501000e+03        5.003234e+03
14       4.150889e+03        1.751000e+03        2.399889e+03
15       5.804788e+03        2.001000e+03        3.803788e+03
16       5.336632e+03        2.251000e+03        3.085632e+03
17       1.032074e+04        2.501000e+03        7.819740e+03
18       4.534297e+03        1.127000e+03        3.407297e+03
19       5.541749e+03        1.377000e+03        4.164749e+03
20       6.547821e+03        1.627000e+03        4.920821e+03
21       7.555275e+03        1.877000e+03        5.678275e+03
22       3.449159e+03        7.530000e+02        2.696159e+03
23       2.200660e+03        1.003000e+03        1.197660e+03
24       3.536141e+03        1.253000e+03        2.283141e+03
25       3.387936e+03        1.503000e+03        1.884936e+03
26       7.261892e+03        1.753000e+03        5.508892e+03
27       3.351792e+03        1.253000e+03        2.098792e+03
28      -1.441627e+03        1.503000e+03        2.944627e+03
29      -1.343652e+03        1.753000e+03        3.096652e+03
30      -2.088734e+03        2.003000e+03        4.091734e+03
31       6.344304e+03        2.253000e+03        4.091304e+03
32       7.047414e+03        1.753000e+03        5.294414e+03
33       5.797556e+03        2.003000e+03        3.794556e+03
34       7.132443e+03        2.253000e+03        4.879443e+03
35       6.984207e+03        2.503000e+03        4.481207e+03
36       1.085982e+04        2.753000e+03        8.106825e+03
37       8.930614e+02        6.270000e+02        2.660614e+02
38       1.485563e+03        8.770000e+02        6.085632e+02
39       2.082435e+03        1.127000e+03        9.554354e+02
40       2.673585e+03        1.377000e+03        1.296585e+03
41       2.652037e+03        1.001000e+03        1.651037e+03
42      -1.197888e+03        1.251000e+03        2.448888e+03
43      -1.160130e+03        1.501000e+03        2.661130e+03
44      -1.844995e+03        1.751000e+03        3.595995e+03
45       5.644549e+03        2.001000e+03        3.643549e+03
46      -1.387250e+03        1.127000e+03        2.514250e+03
47      -1.700373e+03        1.377000e+03        3.077373e+03
48      -2.010776e+03        1.627000e+03        3.637776e+03
49      -2.323900e+03        1.877000e+03        4.200900e+03
50       5.410386e+03        2.001000e+03        3.409386e+03
51      -2.217801e+03        2.251000e+03        4.468801e+03
52      -1.939432e+03        2.501000e+03        4.440432e+03
53      -2.865195e+03        2.751000e+03        5.616195e+03
54       8.410431e+03        3.001000e+03        5.409431e+03
55       4.488635e+03        1.627000e+03        2.861635e+03
56       5.085219e+03        1.877000e+03        3.208219e+03
57       5.680637e+03        2.127000e+03        3.553637e+03
58       6.278573e+03        2.377000e+03        3.901573e+03
59       9.572754e+03        2.253000e+03        7.319754e+03
60       6.122863e+03        2.503000e+03        3.619863e+03
61       8.094458e+03        2.753000e+03        5.341458e+03
62       7.308606e+03        3.003000e+03        4.305606e+03
63       1.338926e+04        3.253000e+03        1.013626e+04
64       7.491676e+03        2.753000e+03        4.738676e+03
65      -2.970398e+03        3.003000e+03        5.973398e+03
66      -2.511349e+03        3.253000e+03        5.764349e+03
67      -3.617791e+03        3.503000e+03        7.120791e+03
68       1.049172e+04        3.753000e+03        6.738720e+03
69       1.317277e+04        3.253000e+03        9.919766e+03
70       9.724237e+03        3.503000e+03        6.221237e+03
71       1.169643e+04        3.753000e+03        7.943426e+03
72       1.091061e+04        4.003000e+03        6.907605e+03
73       1.698959e+04        4.253000e+03        1.273659e+04
74       4.533729e+03        1.127000e+03        3.406729e+03
75       5.541922e+03        1.377000e+03        4.164922e+03
76       6.547648e+03        1.627000e+03        4.920648e+03
77       7.555843e+03        1.877000e+03        5.678843e+03
78       6.020548e+03        1.501000e+03        4.519548e+03
79       5.133286e+03        1.751000e+03        3.382286e+03
80       6.362684e+03        2.001000e+03        4.361684e+03
81       6.319938e+03        2.251000e+03        4.068938e+03
82       9.832959e+03        2.501000e+03        7.331959e+03
83       4.487424e+03        1.627000e+03        2.860424e+03
84       5.085437e+03        1.877000e+03        3.208437e+03
85       5.680420e+03        2.127000e+03        3.553420e+03
86       6.279785e+03        2.377000e+03        3.902785e+03
87       1.010450e+04        2.501000e+03        7.603505e+03
88       7.752899e+03        2.751000e+03        5.001899e+03
89       9.407463e+03        3.001000e+03        6.406463e+03
90       8.939268e+03        3.251000e+03        5.688268e+03
91       1.392133e+04        3.501000e+03        1.042033e+04
92       8.131422e+03        2.127000e+03        6.004422e+03
93       9.141957e+03        2.377000e+03        6.764957e+03
94       1.014630e+04        2.627000e+03        7.519298e+03
95       1.115810e+04        2.877000e+03        8.281098e+03
