iedge    q                   q*                   |q - q*|            ||q - q*||/||q*||
0        4.858598e+03        1.310000e+02        4.727598e+03        1.268748e+01
1        9.140709e+03        3.810000e+02        8.759709e+03
2        1.344396e+04        6.310000e+02        1.281296e+04
3        1.771822e+04        8.810000e+02        1.683722e+04
4        1.232001e+04        5.030000e+02        1.181701e+04
5        7.544270e+03        7.530000e+02        6.791270e+03
6        8.111400e+03        1.003000e+03        7.108400e+03
7        1.429491e+04        1.253000e+03        1.304191e+04
8        2.817490e+04        1.503000e+03        2.667190e+04
9        7.809642e+03        6.310000e+02        7.178642e+03
11       1.447131e+04        1.131000e+03        1.334031e+04
12       1.778900e+04        1.381000e+03        1.640800e+04
13       3.062812e+04        1.503000e+03        2.912512e+04
14       1.963200e+04        1.753000e+03        1.787900e+04
15       1.832440e+04        2.003000e+03        1.632140e+04
16       2.638550e+04        2.253000e+03        2.413250e+04
17       4.650381e+04        2.503000e+03        4.400081e+04
18       1.941024e+04        1.131000e+03        1.827924e+04
19       2.370575e+04        1.381000e+03        2.232475e+04
20       2.800533e+04        1.631000e+03        2.637433e+04
21       3.230084e+04        1.881000e+03        3.041984e+04
22       1.696694e+04        7.590000e+02        1.620794e+04
23       1.064249e+04        1.009000e+03        9.633487e+03
24       1.074331e+04        1.259000e+03        9.484311e+03
25       1.739313e+04        1.509000e+03        1.588413e+04
26       3.282182e+04        1.759000e+03        3.106282e+04
27       1.897096e+04        1.259000e+03        1.771196e+04
28       7.590711e+03        1.509000e+03        6.081711e+03
29       5.780278e+03        1.759000e+03        4.021278e+03
30       1.120963e+04        2.009000e+03        9.200635e+03
31       3.290901e+04        2.259000e+03        3.065001e+04
32       3.151640e+04        1.759000e+03        2.975740e+04
33       2.518916e+04        2.009000e+03        2.318016e+04
34       2.528753e+04        2.259000e+03        2.302853e+04
35       3.193791e+04        2.509000e+03        2.942891e+04
36       4.736939e+04        2.759000e+03        4.461039e+04
37       7.808666e+03        6.310000e+02        7.177666e+03
38       1.113217e+04        8.810000e+02        1.025117e+04
39       1.447117e+04        1.131000e+03        1.334017e+04
40       1.778998e+04        1.381000e+03        1.640898e+04
41       1.521085e+04        1.003000e+03        1.420785e+04
42       6.198692e+03        1.253000e+03        4.945692e+03
43       4.904383e+03        1.503000e+03        3.401383e+03
44       9.817615e+03        1.753000e+03        8.064615e+03
45       2.914889e+04        2.003000e+03        2.714589e+04
46       7.608585e+03        1.131000e+03        6.477585e+03
47       9.278934e+03        1.381000e+03        7.897934e+03
48       1.095663e+04        1.631000e+03        9.325625e+03
49       1.262697e+04        1.881000e+03        1.074597e+04
50       2.995965e+04        2.003000e+03        2.795665e+04
51       1.150888e+04        2.253000e+03        9.255879e+03
52       8.146304e+03        2.503000e+03        5.643304e+03
53       1.513287e+04        2.753000e+03        1.237987e+04
54       4.392432e+04        3.003000e+03        4.092132e+04
55       2.235810e+04        1.631000e+03        2.072710e+04
56       2.569678e+04        1.881000e+03        2.381578e+04
57       2.903206e+04        2.131000e+03        2.690106e+04
58       3.237544e+04        2.381000e+03        2.999444e+04
59       4.443973e+04        2.259000e+03        4.218073e+04
60       2.878392e+04        2.509000e+03        2.627492e+04
61       2.607344e+04        2.759000e+03        2.331444e+04
62       3.553741e+04        3.009000e+03        3.252841e+04
63       6.031543e+04        3.259000e+03        5.705643e+04
64       4.110233e+04        2.759000e+03        3.834333e+04
65       1.556003e+04        3.009000e+03        1.255103e+04
66       1.064637e+04        3.259000e+03        7.387371e+03
67       1.918402e+04        3.509000e+03        1.567502e+04
68       5.506701e+04        3.759000e+03        5.130801e+04
69       5.900209e+04        3.259000e+03        5.574309e+04
70       4.334908e+04        3.509000e+03        3.984008e+04
71       4.064106e+04        3.759000e+03        3.688206e+04
72       5.010447e+04        4.009000e+03        4.609547e+04
73       7.487969e+04        4.259000e+03        7.062069e+04
74       1.940638e+04        1.131000e+03        1.827538e+04
75       2.370620e+04        1.381000e+03        2.232520e+04
76       2.800487e+04        1.631000e+03        2.637387e+04
77       3.230470e+04        1.881000e+03        3.042370e+04
78       2.686763e+04        1.503000e+03        2.536463e+04
79       2.208840e+04        1.753000e+03        2.033540e+04
80       2.265269e+04        2.003000e+03        2.064969e+04
81       2.883715e+04        2.253000e+03        2.658415e+04
82       4.272062e+04        2.503000e+03        4.021762e+04
83       2.235458e+04        1.631000e+03        2.072358e+04
84       2.569710e+04        1.881000e+03        2.381610e+04
85       2.903173e+04        2.131000e+03        2.690073e+04
86       3.237896e+04        2.381000e+03        2.999796e+04
87       4.519232e+04        2.503000e+03        4.268932e+04
88       3.419970e+04        2.753000e+03        3.144670e+04
89       3.289495e+04        3.003000e+03        2.989195e+04
90       4.095509e+04        3.253000e+03        3.770209e+04
91       6.106991e+04        3.503000e+03        5.756691e+04
92       3.395802e+04        2.131000e+03        3.182702e+04
93       3.827124e+04        2.381000e+03        3.589024e+04
94       4.256624e+04        2.631000e+03        3.993524e+04
95       4.688732e+04        2.881000e+03        4.400632e+04
