iedge    q                   q*                   |q - q*|            ||q - q*||/||q*||
0        1.945125e+03        1.290000e+02        1.816125e+03        5.997915e+00
1        4.178284e+03        3.790000e+02        3.799284e+03
2        6.421287e+03        6.290000e+02        5.792287e+03
3        8.650391e+03        8.790000e+02        7.771391e+03
4        5.995267e+03        5.020000e+02        5.493267e+03
5        3.366843e+03        7.520000e+02        2.614843e+03
6        4.379250e+03        1.002000e+03        3.377250e+03
7        6.423146e+03        1.252000e+03        5.171146e+03
8        1.454194e+04        1.502000e+03        1.303994e+04
9        2.815251e+03        6.290000e+02        2.186251e+03
11       5.860525e+03        1.129000e+03        4.731525e+03
12       7.375782e+03        1.379000e+03        5.996782e+03
13       1.554540e+04        1.502000e+03        1.404340e+04
14       9.332195e+03        1.752000e+03        7.580195e+03
15       9.998773e+03        2.002000e+03        7.996773e+03
16       1.238784e+04        2.252000e+03        1.013584e+04
17       2.410258e+04        2.502000e+03        2.160058e+04
18       1.010758e+04        1.129000e+03        8.978584e+03
19       1.234767e+04        1.379000e+03        1.096867e+04
20       1.458816e+04        1.629000e+03        1.295916e+04
21       1.682825e+04        1.879000e+03        1.494925e+04
22       8.410478e+03        7.560000e+02        7.654478e+03
23       4.891587e+03        1.006000e+03        3.885587e+03
24       5.818562e+03        1.256000e+03        4.562562e+03
25       7.947891e+03        1.506000e+03        6.441891e+03
26       1.695715e+04        1.756000e+03        1.520115e+04
27       8.768819e+03        1.256000e+03        7.512819e+03
28       1.222112e+03        1.506000e+03        2.838881e+02
29       4.949886e+02        1.756000e+03        1.261011e+03
30       1.879180e+03        2.006000e+03        1.268199e+02
31       1.587791e+04        2.256000e+03        1.362191e+04
32       1.657318e+04        1.756000e+03        1.481718e+04
33       1.305225e+04        2.006000e+03        1.104625e+04
34       1.397773e+04        2.256000e+03        1.172173e+04
35       1.610736e+04        2.506000e+03        1.360136e+04
36       2.511886e+04        2.756000e+03        2.236286e+04
37       2.814953e+03        6.290000e+02        2.185953e+03
38       4.333313e+03        8.790000e+02        3.454313e+03
39       5.860489e+03        1.129000e+03        4.731489e+03
40       7.376080e+03        1.379000e+03        5.997080e+03
41       6.984930e+03        1.002000e+03        5.982930e+03
42       9.784694e+02        1.252000e+03        2.735306e+02
43       4.016125e+02        1.502000e+03        1.100388e+03
44       1.635538e+03        1.752000e+03        1.164623e+02
45       1.409402e+04        2.002000e+03        1.209202e+04
46       1.313463e+03        1.129000e+03        1.844626e+02
47       1.594999e+03        1.379000e+03        2.159994e+02
48       1.881086e+03        1.629000e+03        2.520861e+02
49       2.162621e+03        1.879000e+03        2.836208e+02
50       1.399295e+04        2.002000e+03        1.199095e+04
51       1.836342e+03        2.252000e+03        4.156584e+02
52       6.557763e+02        2.502000e+03        1.846224e+03
53       2.494649e+03        2.752000e+03        2.573509e+02
54       2.111721e+04        3.002000e+03        1.811521e+04
55       1.097525e+04        1.629000e+03        9.346253e+03
56       1.250229e+04        1.879000e+03        1.062329e+04
57       1.402691e+04        2.129000e+03        1.189791e+04
58       1.555671e+04        2.379000e+03        1.317771e+04
59       2.274036e+04        2.256000e+03        2.048436e+04
60       1.384416e+04        2.506000e+03        1.133816e+04
61       1.425323e+04        2.756000e+03        1.149723e+04
62       1.689980e+04        3.006000e+03        1.389380e+04
63       3.129754e+04        3.256000e+03        2.804154e+04
64       1.928556e+04        2.756000e+03        1.652956e+04
65       2.511077e+03        3.006000e+03        4.949233e+02
66       8.782976e+02        3.256000e+03        2.377702e+03
67       3.169384e+03        3.506000e+03        3.366157e+02
68       2.640982e+04        3.756000e+03        2.265382e+04
69       3.090925e+04        3.256000e+03        2.765325e+04
70       2.201509e+04        3.506000e+03        1.850909e+04
71       2.242566e+04        3.756000e+03        1.866966e+04
72       2.507192e+04        4.006000e+03        2.106592e+04
73       3.946742e+04        4.256000e+03        3.521142e+04
74       1.010566e+04        1.129000e+03        8.976664e+03
75       1.234798e+04        1.379000e+03        1.096898e+04
76       1.458785e+04        1.629000e+03        1.295885e+04
77       1.683017e+04        1.879000e+03        1.495117e+04
78       1.415707e+04        1.502000e+03        1.265507e+04
79       1.152607e+04        1.752000e+03        9.774074e+03
80       1.253677e+04        2.002000e+03        1.053477e+04
81       1.458119e+04        2.252000e+03        1.232919e+04
82       2.270275e+04        2.502000e+03        2.020075e+04
83       1.097301e+04        1.629000e+03        9.344014e+03
84       1.250257e+04        1.879000e+03        1.062357e+04
85       1.402663e+04        2.129000e+03        1.189763e+04
86       1.555895e+04        2.379000e+03        1.317995e+04
87       2.371518e+04        2.502000e+03        2.121318e+04
88       1.750456e+04        2.752000e+03        1.475256e+04
89       1.817285e+04        3.002000e+03        1.517085e+04
90       2.056139e+04        3.252000e+03        1.730939e+04
91       3.227335e+04        3.502000e+03        2.877135e+04
92       1.826812e+04        2.129000e+03        1.613912e+04
93       2.051737e+04        2.379000e+03        1.813837e+04
94       2.275472e+04        2.629000e+03        2.012572e+04
95       2.500803e+04        2.879000e+03        2.212903e+04
