iedge    q                   q*                   |q - q*|            ||q - q*||/||q*||
0        3.906250e-03        3.906250e-03        0.000000e+00        2.366134e-02
1        3.164063e-01        3.164062e-01        5.551115e-17
2        7.812500e-03        7.812500e-03        0.000000e+00
3        7.031250e-02        7.031250e-02        0.000000e+00
4        1.007812e+00        1.007812e+00        0.000000e+00
5        6.640625e-02        6.640625e-02        1.387779e-17
6        3.789062e-01        3.789062e-01        0.000000e+00
7        6.328125e-01        6.328125e-01        1.110223e-16
8        6.953125e-01        6.953125e-01        0.000000e+00
9        1.632813e+00        1.632812e+00        2.220446e-16
11       1.316406e+00        1.316406e+00        0.000000e+00
12       1.171875e-02        1.171875e-02        3.469447e-18
13       7.421875e-02        7.421875e-02        1.387779e-17
14       1.011719e+00        1.011719e+00        0.000000e+00
15       7.421875e-02        7.421875e-02        1.387779e-17
16       4.671875e-02        1.367188e-01        9.000000e-02
17       1.074219e+00        1.074219e+00        0.000000e+00
18       1.011719e+00        1.011719e+00        0.000000e+00
19       1.074219e+00        1.074219e+00        0.000000e+00
20       2.011719e+00        2.011719e+00        0.000000e+00
21       6.640625e-02        6.640625e-02        1.387779e-17
22       3.789062e-01        3.789062e-01        0.000000e+00
23       7.031250e-02        7.031250e-02        0.000000e+00
24       4.281250e-02        1.328125e-01        9.000000e-02
25       1.070312e+00        1.070312e+00        0.000000e+00
26       3.890625e-02        1.289062e-01        9.000000e-02
27       3.514063e-01        4.414062e-01        9.000000e-02
28       6.953125e-01        6.953125e-01        0.000000e+00
29       6.678125e-01        7.578125e-01        9.000000e-02
30       1.695312e+00        1.695312e+00        0.000000e+00
31       1.066406e+00        1.066406e+00        0.000000e+00
32       1.378906e+00        1.378906e+00        2.220446e-16
33       9.492187e-01        9.492188e-01        1.110223e-16
34       1.011719e+00        1.011719e+00        0.000000e+00
35       1.949219e+00        1.949219e+00        4.440892e-16
36       1.011719e+00        1.011719e+00        0.000000e+00
37       9.842188e-01        1.074219e+00        9.000000e-02
38       2.011719e+00        2.011719e+00        0.000000e+00
39       1.949219e+00        1.949219e+00        4.440892e-16
40       2.011719e+00        2.011719e+00        0.000000e+00
41       2.949219e+00        2.949219e+00        4.440892e-16
42       1.003906e+00        1.003906e+00        2.220446e-16
43       1.316406e+00        1.316406e+00        0.000000e+00
44       1.007812e+00        1.007812e+00        0.000000e+00
45       1.070312e+00        1.070312e+00        0.000000e+00
46       2.007812e+00        2.007812e+00        4.440892e-16
47       1.066406e+00        1.066406e+00        0.000000e+00
48       1.378906e+00        1.378906e+00        2.220446e-16
49       1.632813e+00        1.632812e+00        2.220446e-16
50       1.695312e+00        1.695312e+00        0.000000e+00
51       2.632812e+00        2.632812e+00        0.000000e+00
52       2.003906e+00        2.003906e+00        4.440892e-16
53       2.316406e+00        2.316406e+00        0.000000e+00
