iedge    q                   q*                   |q - q*|            ||q - q*||/||q*||
0        3.057023e+03        1.300000e+02        2.927023e+03        8.909429e+00
1        6.188454e+03        3.800000e+02        5.808454e+03
2        9.334872e+03        6.300000e+02        8.704872e+03
3        1.246047e+04        8.800000e+02        1.158047e+04
4        8.726253e+03        5.025000e+02        8.223753e+03
5        5.081662e+03        7.525000e+02        4.329162e+03
6        5.875374e+03        1.002500e+03        4.872874e+03
7        9.725780e+03        1.252500e+03        8.473280e+03
8        2.055411e+04        1.502500e+03        1.905161e+04
9        4.840916e+03        6.300000e+02        4.210916e+03
11       9.435669e+03        1.130000e+03        8.305669e+03
12       1.172303e+04        1.380000e+03        1.034303e+04
13       2.216910e+04        1.502500e+03        2.066660e+04
14       1.369802e+04        1.752500e+03        1.194552e+04
15       1.347039e+04        2.002500e+03        1.146789e+04
16       1.834287e+04        2.252500e+03        1.609037e+04
17       3.401208e+04        2.502500e+03        3.150958e+04
18       1.418605e+04        1.130000e+03        1.305605e+04
19       1.732740e+04        1.380000e+03        1.594740e+04
20       2.047074e+04        1.630000e+03        1.884074e+04
21       2.361209e+04        1.880000e+03        2.173209e+04
22       1.213271e+04        7.575000e+02        1.137521e+04
23       7.287685e+03        1.007500e+03        6.280185e+03
24       7.827818e+03        1.257500e+03        6.570318e+03
25       1.193180e+04        1.507500e+03        1.042430e+04
26       2.396056e+04        1.757500e+03        2.220306e+04
27       1.318331e+04        1.257500e+03        1.192581e+04
28       3.849582e+03        1.507500e+03        2.342082e+03
29       2.604551e+03        1.757500e+03        8.470506e+02
30       5.746229e+03        2.007500e+03        3.738729e+03
31       2.332650e+04        2.257500e+03        2.106900e+04
32       2.326107e+04        1.757500e+03        2.150357e+04
33       1.841364e+04        2.007500e+03        1.640614e+04
34       1.895181e+04        2.257500e+03        1.669431e+04
35       2.305624e+04        2.507500e+03        2.054874e+04
36       3.508751e+04        2.757500e+03        3.233001e+04
37       4.840321e+03        6.300000e+02        4.210321e+03
38       7.132031e+03        8.800000e+02        6.252031e+03
39       9.435584e+03        1.130000e+03        8.305584e+03
40       1.172363e+04        1.380000e+03        1.034363e+04
41       1.053878e+04        1.002500e+03        9.536279e+03
42       3.130545e+03        1.252500e+03        1.878045e+03
43       2.198055e+03        1.502500e+03        6.955552e+02
44       5.027193e+03        1.752500e+03        3.274693e+03
45       2.068197e+04        2.002500e+03        1.867947e+04
46       3.918452e+03        1.130000e+03        2.788452e+03
47       4.774525e+03        1.380000e+03        3.394525e+03
48       5.636385e+03        1.630000e+03        4.006385e+03
49       6.492456e+03        1.880000e+03        4.612456e+03
50       2.091892e+04        2.002500e+03        1.891642e+04
51       5.829867e+03        2.252500e+03        3.577367e+03
52       3.643760e+03        2.502500e+03        1.141260e+03
53       7.729327e+03        2.752500e+03        4.976827e+03
54       3.108247e+04        3.002500e+03        2.807997e+04
55       1.596716e+04        1.630000e+03        1.433716e+04
56       1.827056e+04        1.880000e+03        1.639056e+04
57       2.057098e+04        2.130000e+03        1.844098e+04
58       2.287805e+04        2.380000e+03        2.049805e+04
59       3.230432e+04        2.257500e+03        3.004682e+04
60       2.021913e+04        2.507500e+03        1.771163e+04
61       1.922813e+04        2.757500e+03        1.647063e+04
62       2.486398e+04        3.007500e+03        2.185648e+04
63       4.414730e+04        3.257500e+03        4.088980e+04
64       2.875979e+04        2.757500e+03        2.600229e+04
65       7.901536e+03        3.007500e+03        4.894036e+03
66       4.775693e+03        3.257500e+03        1.518193e+03
67       9.800995e+03        3.507500e+03        6.293495e+03
68       3.892335e+04        3.757500e+03        3.516585e+04
69       4.344193e+04        3.257500e+03        4.018443e+04
70       3.135916e+04        3.507500e+03        2.785166e+04
71       3.037013e+04        3.757500e+03        2.661263e+04
72       3.600553e+04        4.007500e+03        3.199803e+04
73       5.528633e+04        4.257500e+03        5.102883e+04
74       1.418323e+04        1.130000e+03        1.305323e+04
75       1.732779e+04        1.380000e+03        1.594779e+04
76       2.047035e+04        1.630000e+03        1.884035e+04
77       2.361491e+04        1.880000e+03        2.173491e+04
78       1.985329e+04        1.502500e+03        1.835079e+04
79       1.620567e+04        1.752500e+03        1.445317e+04
80       1.699711e+04        2.002500e+03        1.499461e+04
81       2.084826e+04        2.252500e+03        1.859576e+04
82       3.167972e+04        2.502500e+03        2.917722e+04
83       1.596432e+04        1.630000e+03        1.433432e+04
84       1.827086e+04        1.880000e+03        1.639086e+04
85       2.057068e+04        2.130000e+03        1.844068e+04
86       2.288089e+04        2.380000e+03        2.050089e+04
87       3.330804e+04        2.502500e+03        3.080554e+04
88       2.484000e+04        2.752500e+03        2.208750e+04
89       2.461463e+04        3.002500e+03        2.161213e+04
90       2.948637e+04        3.252500e+03        2.623387e+04
91       4.515244e+04        3.502500e+03        4.164994e+04
92       2.531226e+04        2.130000e+03        2.318226e+04
93       2.846673e+04        2.380000e+03        2.608673e+04
94       3.160621e+04        2.630000e+03        2.897621e+04
95       3.476653e+04        2.880000e+03        3.188653e+04
